ACCOUNT_ID=0.0.46239
PRIVATE_KEY=302e020100300506032b6570042204203c8213c74466cfc91276f9a8649932936a929490b27ac27085b2f515ed701547
TOPIC_ID=0.0.46821
